piper:
  start_pose: [0, 0, 0]
  goal_pose: [0, 0, 0]

  #For scoop13:
  start_conf: [-1.8299938654935133, 1.7499940643239729, -0.6500227271703558, 1.3099082929660426, 0.2600128284268717, 4.479913410603431, -0.8200239873213118]
  goal_conf: [-2.4248465763502187,1.666398581192087,0.4162146405579079,0.5865603214228519,0.635006139111757,2.536397411828154,-0.18952164797494242]
  traj_file: /home/tesca/software/Vecor7DOF_testing/data/workspace/scoop13_bl_quat.txt

  #For scoop23:
  #start_conf:  [-2.4248465763502187,1.666398581192087,0.4162146405579079,0.5865603214228519,0.635006139111757,2.536397411828154,-0.18952164797494242]
  #end_conf: [0.320874098378337,2.0759001167948945,-0.13459777346347007,0.7503480781098963,-0.24743206495916928,1.5025751787597466,1.4562600094699716]
  #traj_file: /home/tesca/software/Vecor7DOF_testing/data/workspace/scoop23_bl_quat.txt
  #sdf_file: sdf/vectorTableDataset.bin
  sdf_file: sdf/empty_sdf.bin
  total_time: 10.0
  total_step: 10
  obs_check_inter: 5
  control_inter: 5
  cost_sigma: 0.02
  epsilon: 0.1
  fix_pose_sigma: 0.0001
  fix_vel_sigma: 0.0001
  fix_cartpose_sigma: 0.0001
  fix_cartorient_sigma: 0.001
  Qc: 1.0
  opt_type: LM
