piper:
  start_conf: [0.05582717138572679, 1.0820920161317753, -0.7640604601409908, -1.2319455933058183, 0.25777198694963666, -1.515657238685015, 0.7518872069525564]
  start_pose: [0.537, 0.261, 0.788]
  goal_conf: [-0.034201504888354606, 0.917792225561624, -1.0798246168523002, -2.165214337781812, 0.7789787090048037, -0.7475718838054055, -0.0308241687993851]
  goal_pose: [0.353, 0.246, 1.030]
  sdf_file: sdf/empty_sdf.bin
  total_time: 5.0
  total_step: 10
  obs_check_inter: 5
  control_inter: 5
  cost_sigma: 0.005
  epsilon: 0.1
  fix_pose_sigma: 0.0001
  fix_vel_sigma: 0.0001
  Qc: 1.0
  opt_type: LM
